1
c1be1e832839cd3131b59713012fcb94ghjgjf
False,0
False,0
True,15
53,100
-1,-1,-1,-1,-1,-1,-1,-1,-1,-1,-1,-1,-1,-1,-1,-1,-1,-1,-1,-1,-1,-1,-1,13,13,13,13,13,13,13,13,13,13,13,13,13,-1,-1,-1,-1,-1,-1,-1,-1,-1,-1,-1,-1,-1,-1,-1,-1,-1
-1,-1,-1,-1,-1,-1,-1,-1,-1,-1,-1,-1,-1,-1,-1,-1,-1,-1,-1,-1,-1,-1,13,15,15,15,15,0,0,0,15,13,13,15,14,13,13,-1,-1,-1,-1,-1,-1,-1,-1,-1,13,-1,-1,-1,13,13,-1
-1,-1,-1,-1,-1,-1,-1,-1,-1,-1,-1,-1,-1,-1,-1,-1,-1,-1,-1,-1,-1,-1,13,15,11,13,13,13,0,0,0,15,15,0,0,0,15,13,-1,-1,-1,-1,-1,-1,-1,-1,13,-1,-1,13,-1,-1,-1
-1,-1,-1,-1,-1,-1,-1,-1,-1,-1,-1,-1,-1,-1,-1,-1,-1,-1,-1,-1,-1,-1,-1,13,11,11,13,13,13,15,15,11,11,13,0,0,0,13,-1,-1,-1,-1,-1,-1,-1,13,-1,13,-1,13,-1,-1,-1
-1,-1,-1,-1,-1,-1,-1,-1,-1,-1,-1,-1,-1,-1,-1,-1,-1,-1,-1,-1,-1,-1,-1,-1,13,13,13,13,13,13,13,13,11,11,13,0,13,-1,-1,-1,-1,-1,13,13,-1,13,-1,13,-1,13,-1,-1,-1
-1,-1,-1,-1,-1,-1,-1,-1,-1,-1,-1,-1,-1,-1,-1,-1,-1,-1,-1,-1,-1,-1,-1,-1,-1,13,13,13,13,13,13,13,13,13,13,13,-1,13,-1,-1,-1,13,-1,-1,-1,13,-1,13,-1,-1,13,13,-1
-1,-1,-1,-1,-1,-1,-1,-1,-1,-1,-1,-1,-1,-1,-1,-1,-1,-1,-1,-1,-1,-1,-1,-1,-1,13,13,13,13,13,13,13,13,13,-1,-1,-1,13,-1,13,13,-1,-1,-1,-1,-1,-1,-1,-1,-1,-1,-1,-1
-1,-1,-1,-1,-1,-1,-1,-1,-1,-1,-1,-1,-1,-1,-1,-1,-1,-1,-1,-1,-1,-1,-1,-1,-1,13,11,11,11,13,13,13,13,13,-1,-1,13,-1,13,13,-1,-1,-1,-1,-1,-1,-1,-1,-1,-1,-1,-1,-1
-1,-1,-1,-1,-1,-1,-1,-1,-1,-1,-1,-1,-1,-1,-1,-1,-1,-1,-1,-1,-1,-1,-1,-1,13,11,9,9,9,11,11,11,11,13,-1,13,-1,13,-1,-1,13,13,-1,-1,13,-1,-1,-1,-1,-1,-1,-1,-1
-1,-1,-1,-1,-1,-1,-1,-1,-1,-1,-1,-1,-1,-1,-1,-1,-1,-1,-1,-1,-1,-1,-1,-1,13,11,9,11,13,11,8,8,11,13,-1,13,-1,13,-1,13,-1,-1,13,13,-1,-1,-1,-1,-1,-1,-1,-1,-1
-1,-1,-1,-1,-1,-1,-1,-1,-1,-1,-1,-1,-1,-1,-1,-1,-1,-1,-1,-1,-1,-1,13,13,13,11,13,13,12,13,9,8,9,13,-1,-1,13,13,13,-1,-1,-1,-1,-1,-1,-1,-1,-1,-1,-1,-1,-1,-1
-1,-1,-1,-1,-1,-1,-1,-1,-1,-1,-1,-1,-1,-1,-1,-1,-1,-1,-1,-1,-1,13,4,12,13,13,13,4,4,13,11,11,9,13,-1,13,13,13,13,-1,-1,-1,-1,-1,-1,-1,-1,-1,-1,-1,-1,-1,-1
-1,-1,-1,-1,-1,-1,-1,-1,-1,-1,-1,-1,-1,-1,-1,-1,-1,-1,-1,-1,-1,13,12,12,12,4,2,2,2,12,13,11,13,13,13,12,12,12,13,-1,-1,-1,-1,-1,-1,-1,-1,-1,-1,-1,-1,-1,-1
-1,-1,-1,-1,-1,-1,-1,-1,-1,-1,-1,-1,-1,-1,-1,-1,-1,-1,-1,-1,13,11,11,11,13,13,1,12,13,13,13,11,13,12,4,4,13,13,2,13,-1,-1,-1,-1,-1,-1,-1,-1,-1,-1,-1,-1,-1
-1,-1,-1,-1,-1,-1,-1,-1,-1,-1,-1,-1,-1,-1,-1,-1,-1,-1,-1,-1,13,11,11,8,13,13,2,2,12,13,13,11,13,12,12,12,12,13,12,13,-1,-1,-1,-1,-1,-1,-1,-1,-1,-1,-1,-1,-1
-1,-1,-1,-1,-1,-1,-1,-1,-1,-1,-1,-1,-1,-1,-1,-1,-1,-1,-1,-1,-1,13,13,13,11,13,13,13,13,11,11,11,13,13,13,12,1,13,1,13,-1,-1,-1,-1,-1,-1,-1,-1,-1,-1,-1,-1,-1
-1,-1,-1,-1,-1,-1,-1,-1,-1,-1,-1,-1,-1,-1,-1,-1,-1,-1,-1,-1,-1,13,13,13,11,13,13,9,9,11,13,11,13,13,-1,13,13,13,13,-1,-1,-1,-1,-1,-1,-1,-1,-1,-1,-1,-1,-1,-1
-1,-1,-1,-1,-1,-1,-1,-1,-1,-1,-1,-1,-1,-1,-1,-1,-1,-1,-1,-1,-1,-1,13,13,13,11,13,13,13,11,11,11,13,13,-1,-1,13,-1,-1,-1,-1,-1,-1,-1,-1,-1,-1,-1,-1,-1,-1,-1,-1
-1,-1,-1,-1,-1,-1,-1,-1,-1,-1,-1,-1,-1,-1,-1,-1,-1,-1,-1,-1,-1,-1,-1,13,13,13,11,11,11,13,11,11,13,-1,-1,-1,13,-1,-1,-1,-1,-1,-1,-1,-1,-1,-1,-1,-1,-1,-1,-1,-1
-1,-1,-1,-1,-1,-1,-1,-1,-1,-1,-1,-1,-1,-1,-1,-1,-1,-1,-1,-1,-1,-1,13,13,12,13,13,13,13,11,13,13,-1,-1,-1,-1,13,-1,-1,-1,-1,-1,-1,-1,-1,-1,-1,-1,-1,-1,-1,-1,-1
-1,-1,-1,-1,-1,-1,-1,-1,-1,-1,-1,-1,-1,-1,-1,-1,-1,-1,-1,-1,13,13,13,4,4,4,4,12,12,13,13,-1,-1,-1,-1,-1,13,-1,-1,-1,-1,-1,-1,-1,-1,-1,-1,-1,-1,-1,-1,-1,-1
-1,-1,-1,-1,-1,-1,-1,-1,-1,-1,-1,-1,-1,-1,-1,-1,-1,-1,-1,13,12,4,4,4,4,4,13,13,13,12,13,13,-1,-1,-1,-1,-1,13,-1,-1,-1,-1,-1,-1,-1,-1,-1,-1,-1,-1,-1,-1,-1
-1,-1,-1,-1,-1,-1,-1,-1,-1,-1,-1,-1,-1,-1,-1,-1,-1,-1,13,12,4,4,2,2,4,13,11,8,9,11,13,12,13,-1,-1,-1,-1,13,13,13,-1,-1,-1,-1,-1,-1,-1,-1,-1,-1,-1,-1,-1
-1,-1,-1,-1,-1,-1,-1,-1,-1,-1,-1,-1,-1,-1,13,13,13,13,5,5,4,2,2,2,13,11,8,8,8,13,13,13,4,13,-1,-1,-1,13,13,-1,13,-1,-1,-1,-1,-1,-1,-1,-1,-1,-1,-1,-1
-1,-1,-1,-1,-1,-1,-1,-1,-1,-1,-1,-1,-1,13,18,5,5,4,5,5,2,2,2,13,13,13,11,11,13,13,13,13,13,4,13,-1,-1,13,-1,13,-1,13,-1,-1,-1,-1,-1,-1,-1,-1,-1,-1,-1
-1,-1,-1,-1,-1,-1,-1,-1,-1,-1,-1,-1,-1,13,4,13,12,2,2,2,2,2,13,13,13,13,13,13,13,13,13,13,13,13,4,13,-1,-1,13,-1,13,-1,13,-1,-1,-1,-1,-1,-1,-1,-1,-1,-1
-1,-1,-1,-1,-1,-1,-1,-1,-1,-1,-1,-1,-1,-1,13,12,4,5,2,2,2,12,13,13,13,13,13,13,13,13,13,13,13,13,13,12,13,-1,-1,13,-1,13,-1,13,-1,-1,-1,-1,-1,-1,-1,-1,-1
-1,-1,-1,-1,-1,-1,-1,-1,-1,-1,-1,-1,-1,-1,-1,13,4,4,5,2,2,2,4,13,13,13,13,13,13,13,13,13,13,13,13,12,13,-1,-1,-1,13,-1,13,-1,13,-1,-1,-1,-1,-1,-1,-1,-1
-1,-1,-1,-1,-1,-1,-1,-1,-1,-1,-1,13,13,-1,13,12,18,5,5,2,2,10,10,2,2,12,13,13,13,13,13,13,13,13,12,4,13,-1,-1,-1,13,-1,13,-1,13,-1,-1,-1,-1,-1,-1,-1,-1
-1,-1,-1,-1,-1,-1,-1,-1,-1,-1,13,21,21,13,13,18,18,12,5,2,2,10,10,10,2,2,2,4,4,4,4,4,4,4,12,3,13,-1,-1,-1,-1,13,-1,13,-1,13,-1,-1,-1,-1,-1,-1,-1
-1,-1,-1,-1,-1,-1,-1,-1,-1,13,21,21,21,21,13,12,12,13,12,2,2,2,10,2,2,2,2,2,2,2,2,2,4,2,4,13,13,-1,-1,-1,-1,13,-1,13,-1,13,-1,-1,-1,-1,-1,-1,-1
-1,-1,-1,-1,-1,-1,-1,-1,13,13,21,21,21,21,21,13,13,12,18,5,2,2,2,2,2,2,2,2,2,2,2,2,12,12,4,13,13,-1,-1,-1,-1,13,-1,13,-1,-1,13,-1,-1,-1,-1,-1,-1
-1,-1,-1,-1,-1,-1,-1,-1,13,21,21,21,21,21,21,21,13,13,18,2,2,2,2,2,2,2,2,2,2,2,12,13,3,13,13,3,13,-1,-1,-1,-1,-1,13,-1,13,-1,13,-1,-1,-1,-1,-1,-1
-1,-1,-1,-1,-1,-1,-1,-1,-1,13,13,21,22,21,21,21,21,13,12,19,2,2,2,2,2,2,2,2,2,2,13,12,12,13,3,13,-1,-1,-1,-1,-1,-1,13,-1,13,-1,13,-1,-1,-1,-1,-1,-1
-1,-1,-1,-1,-1,-1,-1,-1,-1,13,11,13,21,21,21,21,21,21,13,12,19,2,2,2,2,2,2,2,2,2,13,2,12,12,3,13,-1,-1,-1,-1,-1,-1,13,-1,13,-1,13,-1,-1,-1,-1,-1,-1
-1,-1,-1,-1,-1,-1,-1,-1,-1,13,11,9,13,13,22,21,22,21,21,13,12,19,2,2,2,2,2,2,2,2,2,2,2,1,12,13,-1,-1,-1,-1,-1,-1,13,-1,13,-1,13,-1,-1,-1,-1,-1,-1
-1,-1,-1,-1,-1,-1,-1,-1,13,18,12,11,9,13,22,21,21,21,21,21,13,18,19,19,2,2,2,2,2,2,2,2,2,1,13,-1,-1,-1,-1,-1,-1,-1,13,-1,13,-1,13,-1,-1,-1,-1,-1,-1
-1,-1,-1,-1,-1,-1,-1,-1,13,20,12,11,9,9,13,22,22,21,21,21,13,13,18,18,12,2,2,2,2,2,2,2,2,13,-1,-1,-1,-1,-1,-1,-1,-1,13,-1,13,-1,13,-1,-1,-1,-1,-1,-1
-1,-1,-1,-1,-1,-1,-1,13,18,20,12,11,9,9,13,13,22,22,21,21,21,13,12,18,18,12,19,19,13,4,2,1,13,-1,-1,-1,-1,-1,-1,-1,-1,-1,13,-1,13,-1,13,-1,-1,-1,-1,-1,-1
-1,-1,-1,-1,-1,-1,-1,13,18,19,13,9,9,13,18,18,13,13,22,21,21,13,12,12,18,20,19,19,12,12,18,13,13,-1,-1,-1,-1,-1,-1,-1,-1,-1,13,-1,13,13,-1,-1,-1,-1,-1,-1,-1
-1,-1,-1,-1,-1,-1,-1,13,13,13,9,9,9,13,18,20,19,12,21,22,21,21,13,18,18,12,19,19,20,19,19,13,13,13,13,-1,-1,-1,-1,-1,-1,13,-1,13,-1,13,-1,-1,-1,-1,-1,-1,-1
-1,-1,-1,-1,-1,-1,-1,13,9,9,9,9,9,9,13,19,20,12,13,22,22,21,21,13,19,12,18,19,19,19,19,19,6,12,12,13,-1,-1,-1,-1,-1,13,-1,13,13,-1,-1,-1,-1,-1,-1,-1,-1
-1,-1,-1,-1,-1,-1,13,13,13,11,9,9,9,9,11,13,13,11,11,13,22,21,21,13,19,19,19,19,19,19,19,20,19,20,18,13,-1,-1,-1,-1,13,-1,13,-1,13,-1,-1,-1,-1,-1,-1,-1,-1
-1,-1,-1,-1,-1,-1,13,18,19,12,11,9,9,9,9,9,9,9,9,13,22,23,22,13,19,19,19,19,19,18,13,13,20,20,18,13,-1,-1,-1,-1,-1,13,-1,13,-1,-1,-1,-1,-1,-1,-1,-1,-1
-1,-1,-1,-1,-1,13,12,19,20,20,12,11,11,13,13,11,9,13,13,13,23,23,23,13,20,19,19,18,19,19,13,-1,13,18,18,13,-1,-1,-1,-1,13,-1,13,-1,-1,-1,-1,-1,-1,-1,-1,-1,-1
-1,-1,-1,-1,13,13,12,19,20,20,12,11,18,20,13,13,13,-1,-1,-1,13,13,13,13,12,19,19,13,18,20,13,-1,-1,13,13,13,-1,-1,-1,13,13,-1,13,-1,-1,-1,-1,-1,-1,-1,-1,-1,-1
-1,-1,-1,-1,13,11,13,20,20,18,11,9,13,13,-1,-1,-1,-1,-1,-1,-1,-1,-1,-1,13,19,18,13,13,19,19,13,-1,-1,-1,13,-1,-1,13,-1,13,13,-1,-1,-1,-1,-1,-1,-1,-1,-1,-1,-1
-1,-1,-1,-1,13,11,11,13,13,13,13,13,-1,-1,-1,-1,-1,-1,-1,-1,-1,-1,-1,-1,-1,13,19,13,-1,13,2,13,-1,-1,-1,-1,-1,13,-1,-1,13,-1,-1,-1,-1,-1,-1,-1,-1,-1,-1,-1,-1
-1,-1,-1,13,13,9,9,13,13,13,-1,-1,-1,-1,-1,-1,-1,-1,-1,-1,-1,-1,-1,-1,-1,13,18,13,-1,-1,13,13,-1,-1,-1,-1,13,-1,-1,-1,13,-1,-1,-1,-1,-1,-1,-1,-1,-1,-1,-1,-1
-1,13,13,13,13,13,13,-1,-1,-1,-1,-1,-1,-1,-1,-1,-1,-1,-1,-1,-1,-1,-1,-1,-1,-1,13,13,-1,-1,-1,-1,-1,-1,-1,13,-1,-1,-1,13,-1,-1,-1,-1,-1,-1,-1,-1,-1,-1,-1,-1,-1
13,13,14,14,13,13,-1,-1,-1,-1,-1,-1,-1,-1,-1,-1,-1,-1,-1,-1,-1,-1,-1,-1,-1,-1,13,13,-1,-1,-1,-1,-1,-1,-1,13,-1,-1,13,-1,-1,-1,-1,-1,-1,-1,-1,-1,-1,-1,-1,-1,-1
-1,13,14,24,14,13,-1,-1,-1,-1,-1,-1,-1,-1,-1,-1,-1,-1,-1,-1,-1,-1,-1,-1,-1,-1,-1,-1,-1,-1,-1,-1,-1,-1,13,-1,-1,13,-1,13,-1,-1,-1,-1,-1,-1,-1,-1,-1,-1,-1,-1,-1
-1,13,13,14,13,-1,-1,-1,-1,-1,-1,-1,-1,-1,-1,-1,-1,-1,-1,-1,-1,-1,-1,-1,-1,-1,-1,-1,-1,-1,-1,-1,-1,13,-1,-1,13,-1,-1,13,-1,-1,-1,-1,-1,-1,-1,-1,-1,-1,-1,-1,-1
-1,-1,13,13,-1,-1,-1,-1,-1,-1,-1,-1,-1,-1,-1,-1,-1,-1,-1,-1,-1,-1,-1,-1,-1,-1,-1,-1,-1,-1,-1,-1,13,-1,-1,13,-1,-1,13,-1,-1,-1,-1,-1,-1,-1,-1,-1,-1,-1,-1,-1,-1
-1,-1,-1,-1,-1,-1,-1,-1,-1,-1,-1,-1,-1,-1,-1,-1,-1,-1,-1,-1,-1,-1,-1,-1,-1,-1,-1,-1,-1,-1,-1,13,-1,-1,-1,13,-1,-1,13,-1,-1,-1,-1,-1,-1,-1,-1,-1,-1,-1,-1,-1,-1
-1,-1,-1,-1,-1,-1,-1,-1,-1,-1,-1,-1,-1,-1,-1,-1,-1,-1,-1,-1,-1,-1,-1,-1,-1,-1,-1,-1,-1,-1,13,-1,-1,-1,13,-1,-1,-1,13,-1,-1,-1,-1,-1,-1,-1,-1,-1,-1,-1,-1,-1,-1
-1,-1,-1,-1,-1,-1,-1,-1,-1,-1,-1,-1,-1,-1,-1,-1,-1,-1,-1,-1,-1,-1,-1,-1,-1,-1,-1,-1,-1,-1,13,-1,-1,-1,13,-1,-1,13,-1,-1,-1,-1,-1,-1,-1,-1,-1,-1,-1,-1,-1,-1,-1
-1,-1,-1,-1,-1,-1,-1,-1,-1,-1,-1,-1,-1,-1,-1,-1,-1,-1,-1,-1,-1,-1,-1,-1,-1,-1,-1,-1,-1,13,-1,-1,-1,-1,13,-1,-1,13,-1,-1,-1,-1,-1,-1,-1,-1,-1,-1,-1,-1,-1,-1,-1
-1,-1,-1,-1,-1,-1,-1,-1,-1,-1,-1,-1,-1,-1,-1,-1,-1,-1,-1,-1,-1,-1,-1,-1,-1,-1,-1,-1,-1,13,-1,-1,-1,13,-1,-1,-1,-1,13,-1,-1,-1,-1,-1,-1,-1,-1,-1,-1,-1,-1,-1,-1
-1,-1,-1,-1,-1,-1,-1,-1,-1,-1,-1,-1,-1,-1,-1,-1,-1,-1,-1,-1,-1,-1,-1,-1,-1,-1,-1,-1,13,-1,-1,-1,-1,13,-1,-1,-1,-1,13,-1,-1,-1,-1,-1,-1,-1,-1,-1,-1,-1,-1,-1,-1
-1,-1,-1,-1,-1,-1,-1,-1,-1,-1,-1,-1,-1,-1,-1,-1,-1,-1,-1,-1,-1,-1,-1,-1,-1,-1,-1,-1,13,-1,-1,-1,-1,13,-1,-1,-1,-1,13,-1,-1,-1,-1,-1,-1,-1,-1,-1,-1,-1,-1,-1,-1
-1,-1,-1,-1,-1,-1,-1,-1,-1,-1,-1,-1,-1,-1,-1,-1,-1,-1,-1,-1,-1,-1,-1,-1,-1,-1,-1,-1,13,-1,-1,-1,-1,-1,13,-1,-1,-1,13,-1,-1,-1,-1,-1,-1,-1,-1,-1,-1,-1,-1,-1,-1
-1,-1,-1,-1,-1,-1,-1,-1,-1,-1,-1,-1,-1,-1,-1,-1,-1,-1,-1,-1,-1,-1,-1,-1,-1,-1,-1,-1,13,-1,-1,-1,-1,-1,13,-1,-1,-1,-1,13,-1,-1,-1,-1,-1,-1,-1,-1,-1,-1,-1,-1,-1
-1,-1,-1,-1,-1,-1,-1,-1,-1,-1,-1,-1,-1,-1,-1,-1,-1,-1,-1,-1,-1,-1,-1,-1,-1,-1,-1,13,-1,-1,-1,-1,-1,13,13,13,-1,-1,-1,13,-1,-1,-1,-1,-1,-1,-1,-1,-1,-1,-1,-1,-1
-1,-1,-1,-1,-1,-1,-1,-1,-1,-1,-1,-1,-1,-1,-1,-1,-1,-1,-1,-1,-1,-1,-1,-1,-1,-1,-1,13,-1,-1,-1,-1,13,13,13,13,13,-1,13,13,13,13,13,-1,-1,-1,-1,-1,-1,-1,-1,-1,-1
-1,-1,-1,-1,-1,-1,-1,-1,-1,-1,-1,-1,-1,-1,-1,-1,-1,-1,-1,-1,-1,-1,-1,-1,-1,-1,-1,13,-1,13,13,13,-1,13,13,13,13,13,12,5,4,4,13,13,-1,-1,-1,-1,-1,-1,-1,-1,-1
-1,-1,-1,-1,-1,-1,-1,-1,-1,-1,-1,-1,-1,-1,-1,-1,-1,-1,-1,-1,-1,-1,-1,-1,-1,-1,13,12,13,12,12,13,13,13,14,15,15,15,15,15,15,15,15,13,13,-1,-1,-1,-1,-1,-1,-1,-1
-1,-1,-1,-1,-1,-1,-1,-1,-1,-1,-1,-1,-1,-1,-1,-1,-1,-1,-1,-1,-1,-1,-1,-1,13,13,13,12,12,13,13,14,15,15,15,15,15,15,15,15,15,15,15,15,15,13,13,-1,-1,-1,-1,-1,-1
-1,-1,-1,-1,-1,-1,-1,-1,-1,-1,-1,-1,-1,-1,-1,-1,-1,-1,-1,-1,-1,-1,13,13,12,12,12,13,13,14,15,0,0,0,0,0,0,15,15,15,15,15,15,15,15,15,15,13,13,-1,-1,-1,-1
-1,-1,-1,-1,-1,-1,-1,-1,-1,-1,-1,-1,-1,-1,-1,-1,-1,-1,-1,-1,-1,13,5,5,5,13,13,14,15,0,0,0,0,0,0,0,0,0,0,15,15,15,15,15,14,14,14,15,15,13,-1,-1,-1
-1,-1,-1,-1,-1,-1,-1,-1,-1,-1,-1,-1,-1,-1,-1,-1,-1,-1,-1,-1,13,5,5,5,13,13,15,15,0,0,0,0,0,0,0,0,0,0,0,0,15,15,14,13,13,13,13,13,14,15,13,-1,-1
-1,-1,-1,-1,-1,-1,-1,-1,-1,-1,-1,-1,-1,-1,-1,-1,-1,-1,-1,13,5,5,5,5,13,13,15,0,0,0,0,0,0,0,0,0,0,0,0,0,15,14,13,13,13,13,13,13,13,15,15,13,-1
-1,-1,-1,-1,-1,-1,-1,-1,-1,-1,-1,-1,-1,-1,-1,-1,-1,-1,-1,13,5,5,5,5,5,13,13,0,0,0,2,0,0,0,0,0,0,0,0,0,0,13,13,13,13,13,13,13,13,15,0,15,13
-1,-1,-1,-1,-1,-1,-1,-1,-1,-1,-1,-1,-1,-1,-1,-1,-1,-1,13,5,5,5,5,5,5,13,13,0,3,12,11,5,5,4,0,0,0,0,0,0,5,13,13,14,14,13,13,14,13,15,0,15,13
-1,-1,-1,-1,-1,-1,-1,-1,-1,-1,-1,-1,-1,-1,-1,-1,-1,-1,13,5,5,5,5,5,5,12,12,13,13,13,13,13,13,13,14,0,0,0,0,0,1,11,13,12,14,14,12,12,12,15,15,0,13
-1,-1,-1,-1,-1,-1,-1,-1,-1,-1,-1,-1,-1,-1,-1,-1,-1,-1,13,5,5,5,5,5,5,5,5,12,12,13,13,13,13,13,11,0,0,0,0,0,0,13,13,5,4,13,12,5,4,13,13,13,-1
-1,-1,-1,-1,-1,-1,-1,-1,-1,-1,-1,-1,-1,-1,-1,-1,-1,-1,13,5,5,5,5,5,5,5,5,5,13,13,13,13,13,8,8,2,0,0,0,0,0,13,13,15,0,13,13,0,15,13,-1,-1,-1
-1,-1,-1,-1,-1,-1,-1,-1,-1,-1,-1,-1,-1,-1,-1,-1,-1,-1,13,5,5,5,5,5,5,5,5,5,13,11,11,11,13,13,5,0,0,0,0,0,0,15,14,0,0,13,13,0,15,13,-1,-1,-1
-1,-1,-1,-1,-1,-1,-1,-1,-1,-1,-1,-1,-1,-1,-1,-1,-1,-1,13,5,5,5,5,5,5,5,5,5,13,13,13,13,13,13,2,0,0,0,0,0,0,0,0,0,0,15,0,0,13,-1,-1,-1,-1
-1,-1,-1,-1,-1,-1,-1,-1,-1,-1,-1,-1,-1,-1,-1,-1,-1,-1,13,5,5,5,6,6,5,5,5,5,13,13,13,13,9,5,0,0,0,0,0,0,0,0,0,0,0,0,0,0,13,-1,-1,-1,-1
-1,-1,-1,-1,-1,-1,-1,-1,-1,-1,-1,-1,-1,-1,-1,-1,-1,-1,13,5,5,5,6,6,6,6,5,5,13,11,11,9,8,8,2,0,0,0,0,0,0,0,0,0,0,0,0,15,13,-1,-1,-1,-1
-1,-1,-1,-1,-1,-1,-1,-1,-1,-1,-1,-1,-1,-1,-1,-1,-1,-1,13,5,5,2,6,6,6,13,13,13,13,11,11,9,8,8,8,2,0,0,0,0,0,0,0,0,0,0,0,13,-1,-1,-1,-1,-1
-1,-1,-1,-1,-1,-1,-1,-1,-1,-1,-1,-1,-1,-1,-1,-1,-1,-1,-1,13,5,6,6,6,13,13,13,14,0,2,11,13,11,8,8,8,7,12,13,12,0,0,0,0,0,0,0,13,-1,-1,-1,-1,-1
-1,-1,-1,-1,-1,-1,-1,-1,-1,-1,-1,-1,-1,-1,-1,-1,-1,-1,-1,13,19,5,6,6,13,13,13,0,0,0,13,13,13,5,7,8,8,13,13,13,13,13,14,15,15,15,14,13,-1,-1,-1,-1,-1
-1,-1,-1,-1,-1,-1,-1,-1,-1,-1,-1,-1,-1,-1,-1,-1,-1,-1,-1,13,18,6,19,6,5,13,13,15,15,13,0,13,13,13,13,5,7,11,13,13,13,13,13,13,13,13,13,-1,-1,-1,-1,-1,-1
-1,-1,-1,-1,-1,-1,-1,-1,-1,-1,-1,-1,-1,-1,-1,-1,-1,-1,-1,-1,13,6,6,6,6,13,15,13,13,0,15,13,13,13,13,13,13,13,5,5,12,11,11,13,13,13,11,13,-1,-1,-1,-1,-1
-1,-1,-1,-1,-1,-1,-1,-1,-1,-1,-1,-1,-1,-1,-1,-1,-1,-1,-1,-1,-1,13,6,6,6,6,13,15,0,15,13,13,12,12,13,13,13,13,13,13,13,12,12,5,5,7,11,13,-1,-1,-1,-1,-1
-1,-1,-1,-1,-1,-1,-1,-1,-1,-1,-1,-1,-1,-1,-1,-1,-1,-1,-1,-1,-1,-1,13,19,6,6,6,13,13,13,5,6,6,5,12,13,13,13,13,15,15,15,15,13,13,13,13,-1,-1,-1,-1,-1,-1
-1,-1,-1,-1,-1,-1,-1,-1,-1,-1,-1,-1,-1,-1,-1,-1,-1,-1,-1,-1,-1,-1,-1,13,18,6,6,6,5,6,6,6,6,5,13,16,16,13,13,15,0,0,13,-1,-1,-1,-1,-1,-1,-1,-1,-1,-1
-1,-1,-1,-1,-1,-1,-1,-1,-1,-1,-1,-1,-1,-1,-1,-1,-1,-1,-1,-1,-1,-1,-1,-1,13,13,18,6,6,6,6,5,13,13,16,16,16,16,13,13,13,13,-1,-1,-1,-1,-1,-1,-1,-1,-1,-1,-1
-1,-1,-1,-1,-1,-1,-1,-1,-1,-1,-1,-1,-1,-1,-1,-1,-1,-1,-1,-1,-1,-1,-1,-1,-1,-1,13,13,13,13,13,13,13,16,16,16,16,16,16,16,16,13,-1,-1,-1,-1,-1,-1,-1,-1,-1,-1,-1
-1,-1,-1,-1,-1,-1,-1,-1,-1,-1,-1,-1,-1,-1,-1,-1,-1,-1,-1,-1,-1,-1,-1,-1,-1,-1,-1,-1,-1,13,13,16,16,16,16,16,16,16,16,17,16,13,-1,-1,-1,-1,-1,-1,-1,-1,-1,-1,-1
-1,-1,-1,-1,-1,-1,-1,-1,-1,-1,-1,-1,-1,-1,-1,-1,-1,-1,-1,-1,-1,-1,-1,-1,-1,-1,-1,-1,-1,13,16,16,16,16,16,16,16,16,16,17,16,13,-1,-1,-1,-1,-1,-1,-1,-1,-1,-1,-1
-1,-1,-1,-1,-1,-1,-1,-1,-1,-1,-1,-1,-1,-1,-1,-1,-1,-1,-1,-1,-1,-1,-1,-1,-1,-1,-1,-1,-1,13,16,16,16,16,16,16,16,16,17,16,16,13,-1,-1,-1,-1,-1,-1,-1,-1,-1,-1,-1
-1,-1,-1,-1,-1,-1,-1,-1,-1,-1,-1,-1,-1,-1,-1,-1,-1,-1,-1,-1,-1,-1,-1,-1,-1,-1,-1,-1,-1,13,16,16,16,16,16,16,16,16,17,17,13,-1,-1,-1,-1,-1,-1,-1,-1,-1,-1,-1,-1
-1,-1,-1,-1,-1,-1,-1,-1,-1,-1,-1,-1,-1,-1,-1,-1,-1,-1,-1,-1,-1,-1,-1,-1,-1,-1,-1,-1,-1,13,17,16,16,16,16,16,16,17,17,16,-1,-1,-1,-1,-1,-1,-1,-1,-1,-1,-1,-1,-1
-1,-1,-1,-1,-1,-1,-1,-1,-1,-1,-1,-1,-1,-1,-1,-1,-1,-1,-1,-1,-1,-1,-1,-1,-1,-1,-1,-1,-1,13,16,17,16,16,16,16,17,17,17,13,-1,-1,-1,-1,-1,-1,-1,-1,-1,-1,-1,-1,-1
-1,-1,-1,-1,-1,-1,-1,-1,-1,-1,-1,-1,-1,-1,-1,-1,-1,-1,-1,-1,-1,-1,-1,-1,-1,-1,-1,-1,-1,-1,13,17,16,16,16,17,17,16,16,13,-1,-1,-1,-1,-1,-1,-1,-1,-1,-1,-1,-1,-1
-1,-1,-1,-1,-1,-1,-1,-1,-1,-1,-1,-1,-1,-1,-1,-1,-1,-1,-1,-1,-1,-1,-1,-1,-1,-1,-1,-1,-1,-1,-1,13,16,17,17,17,16,13,13,-1,-1,-1,-1,-1,-1,-1,-1,-1,-1,-1,-1,-1,-1
-1,-1,-1,-1,-1,-1,-1,-1,-1,-1,-1,-1,-1,-1,-1,-1,-1,-1,-1,-1,-1,-1,-1,-1,-1,-1,-1,-1,-1,-1,-1,-1,-1,13,13,13,-1,-1,-1,-1,-1,-1,-1,-1,-1,-1,-1,-1,-1,-1,-1,-1,-1
0.9810188,0.9872608,0.9881195
0.9988796,0.9271709,0.789916
0.992404,0.8302299,0.6751891
0.888889,0.7993464,0.7124183
0.8509805,0.6515033,0.5405664
0.8865954,0.5480928,0.148164
0.995409,0.6621712,0.1679579
1,0.5058824,0.2333333
0.9819609,0.2882353,0.1027451
0.8941176,0.242711,0.3688832
0.9568627,0.6692811,0.6614379
0.6478252,0.1186387,0.1152581
0.5867303,0.4452763,0.2532383
0.09071428,0.08498599,0.04746029
0.4066365,0.5408748,0.586727
0.6652693,0.7484787,0.7724138
0.115014,0.4811205,0.107563
0.2017429,0.6239653,0.1928105
0.7616321,0.6108107,0.191309
0.9650904,0.7919263,0.2897348
0.9913313,0.8804953,0.2776058
0.3316742,0.1477375,0.4804677
0.4635294,0.2711111,0.6300654
0.6156863,0.3882353,0.7960784
0.07450981,0.6862745,0.8901961