1
57618cdf27a48d1fc195f5c02311b25bjkgkg
True,1
True,250
True,50
64,70
-1,-1,-1,-1,-1,-1,-1,-1,-1,-1,-1,-1,-1,-1,-1,-1,-1,-1,-1,-1,-1,-1,-1,-1,-1,-1,-1,8,8,8,8,8,8,8,8,8,8,-1,-1,-1,-1,-1,-1,-1,-1,-1,-1,-1,-1,-1,-1,-1,-1,-1,-1,-1,-1,-1,-1,-1,-1,-1,-1,-1
-1,-1,-1,-1,-1,-1,-1,-1,-1,-1,-1,-1,-1,-1,-1,-1,-1,-1,-1,-1,-1,-1,-1,-1,-1,-1,8,8,8,8,8,8,8,8,8,8,8,8,-1,-1,-1,-1,-1,-1,-1,-1,-1,-1,-1,-1,-1,-1,-1,-1,-1,-1,-1,-1,-1,-1,-1,-1,-1,-1
-1,-1,-1,-1,-1,-1,-1,-1,-1,-1,-1,-1,-1,-1,-1,-1,-1,-1,-1,-1,-1,-1,-1,-1,-1,-1,8,8,8,8,8,8,8,8,8,8,8,8,-1,-1,-1,-1,-1,-1,-1,-1,-1,-1,-1,-1,-1,-1,-1,-1,-1,-1,-1,-1,-1,-1,-1,-1,-1,-1
-1,-1,-1,-1,-1,-1,-1,-1,-1,-1,-1,-1,-1,-1,-1,-1,-1,-1,-1,-1,-1,-1,-1,-1,-1,-1,8,8,8,8,8,8,8,8,8,8,8,8,-1,-1,-1,-1,-1,-1,-1,-1,-1,-1,-1,-1,-1,-1,-1,-1,-1,-1,-1,-1,-1,-1,-1,-1,-1,-1
-1,-1,-1,-1,-1,-1,-1,-1,-1,-1,-1,-1,-1,-1,-1,-1,-1,-1,-1,-1,-1,-1,-1,-1,-1,-1,8,18,8,8,8,8,8,8,8,8,7,8,-1,-1,-1,-1,-1,-1,-1,-1,-1,-1,-1,-1,-1,-1,-1,-1,-1,-1,-1,-1,-1,-1,-1,-1,-1,-1
-1,-1,-1,-1,-1,-1,-1,-1,-1,-1,-1,-1,-1,-1,-1,-1,-1,-1,-1,-1,-1,-1,-1,-1,-1,-1,8,0,17,8,8,8,8,8,8,17,2,8,-1,-1,-1,-1,-1,-1,-1,-1,-1,-1,-1,-1,-1,-1,-1,-1,-1,-1,-1,-1,-1,-1,-1,-1,-1,-1
-1,-1,-1,-1,-1,-1,-1,-1,-1,-1,-1,-1,-1,-1,-1,-1,-1,-1,-1,-1,-1,-1,-1,-1,-1,-1,8,0,0,17,17,17,17,17,17,3,0,8,-1,-1,-1,-1,-1,-1,-1,-1,-1,-1,-1,-1,-1,-1,-1,-1,-1,-1,-1,-1,-1,-1,-1,-1,-1,-1
-1,-1,-1,-1,-1,-1,-1,-1,-1,-1,-1,-1,-1,-1,-1,-1,-1,-1,-1,-1,-1,-1,-1,-1,-1,-1,8,0,1,1,1,1,1,1,2,5,2,8,-1,-1,-1,-1,-1,-1,-1,-1,-1,-1,-1,-1,-1,-1,-1,-1,-1,-1,-1,-1,-1,-1,-1,-1,-1,-1
-1,-1,-1,-1,-1,-1,-1,-1,-1,-1,-1,-1,-1,-1,-1,-1,-1,-1,-1,-1,-1,-1,-1,-1,-1,-1,8,0,3,3,3,3,3,3,5,5,5,8,-1,-1,-1,-1,-1,-1,-1,-1,-1,-1,-1,-1,-1,-1,-1,-1,-1,-1,-1,-1,-1,-1,-1,-1,-1,-1
-1,-1,-1,-1,-1,-1,-1,-1,-1,-1,-1,-1,-1,-1,-1,-1,-1,-1,-1,-1,-1,-1,-1,-1,-1,-1,8,0,3,3,0,0,3,3,3,5,5,8,-1,-1,-1,-1,-1,-1,-1,-1,-1,-1,-1,-1,-1,-1,-1,-1,-1,-1,-1,-1,-1,-1,-1,-1,-1,-1
-1,-1,-1,-1,-1,-1,-1,-1,-1,-1,-1,-1,-1,-1,-1,-1,-1,-1,-1,-1,-1,-1,-1,-1,-1,-1,8,0,0,3,0,0,3,3,3,5,5,8,-1,-1,-1,-1,-1,-1,-1,-1,-1,-1,-1,-1,-1,-1,-1,-1,-1,-1,-1,-1,-1,-1,-1,-1,-1,-1
-1,-1,-1,-1,-1,-1,-1,-1,-1,-1,-1,-1,-1,-1,-1,-1,-1,-1,-1,-1,-1,-1,-1,-1,-1,-1,8,42,0,0,3,3,3,3,3,5,0,8,-1,-1,-1,-1,-1,-1,-1,-1,-1,-1,-1,-1,-1,-1,-1,-1,-1,-1,-1,-1,-1,-1,-1,-1,-1,-1
-1,-1,-1,-1,-1,-1,-1,-1,-1,-1,-1,-1,-1,-1,-1,-1,-1,-1,-1,-1,-1,-1,-1,-1,-1,-1,8,8,42,42,42,42,0,0,0,0,8,8,-1,-1,-1,-1,-1,-1,-1,-1,-1,-1,-1,-1,-1,-1,-1,-1,-1,-1,-1,-1,-1,-1,-1,-1,-1,-1
-1,-1,-1,-1,-1,-1,-1,-1,-1,-1,-1,-1,-1,-1,-1,-1,-1,-1,-1,-1,-1,-1,-1,-1,-1,-1,8,8,8,8,8,8,8,8,8,8,8,8,-1,-1,-1,-1,-1,-1,-1,-1,-1,-1,-1,-1,-1,-1,-1,-1,-1,-1,-1,-1,-1,-1,-1,-1,-1,-1
-1,-1,-1,-1,-1,-1,-1,-1,-1,-1,-1,-1,-1,-1,-1,-1,-1,-1,-1,-1,-1,-1,-1,-1,-1,-1,8,8,8,8,8,8,8,8,8,8,8,8,-1,-1,-1,-1,-1,-1,-1,-1,-1,-1,-1,-1,-1,-1,-1,-1,-1,-1,-1,-1,-1,-1,-1,-1,-1,-1
-1,-1,-1,-1,-1,-1,-1,-1,-1,-1,-1,-1,-1,-1,-1,-1,-1,-1,-1,-1,-1,-1,-1,-1,-1,-1,8,6,8,8,8,8,8,8,8,8,8,8,-1,-1,-1,-1,-1,-1,-1,-1,-1,-1,-1,-1,-1,-1,-1,-1,-1,-1,-1,-1,-1,-1,-1,-1,-1,-1
-1,-1,-1,-1,-1,-1,-1,-1,-1,-1,-1,-1,-1,-1,-1,-1,-1,-1,-1,-1,-1,-1,-1,-1,-1,-1,8,6,8,8,8,8,8,8,8,8,8,8,-1,-1,-1,-1,-1,-1,-1,-1,-1,-1,-1,-1,-1,-1,-1,-1,-1,-1,-1,-1,-1,-1,-1,-1,-1,-1
-1,-1,-1,-1,-1,-1,-1,-1,-1,-1,-1,-1,-1,-1,-1,-1,-1,-1,-1,-1,-1,-1,-1,-1,-1,-1,8,6,6,8,8,8,8,8,8,8,8,8,-1,-1,-1,-1,-1,-1,-1,-1,-1,-1,-1,-1,-1,-1,-1,-1,-1,-1,-1,-1,-1,-1,-1,-1,-1,-1
-1,-1,-1,-1,-1,-1,-1,-1,-1,-1,-1,-1,-1,-1,-1,-1,-1,-1,-1,-1,-1,-1,-1,-1,-1,-1,8,6,6,8,8,8,8,8,8,8,8,8,-1,-1,-1,-1,-1,-1,-1,-1,-1,-1,-1,-1,-1,-1,-1,-1,-1,-1,-1,-1,-1,-1,-1,-1,-1,-1
-1,-1,-1,-1,-1,-1,-1,-1,-1,-1,-1,-1,-1,-1,-1,-1,-1,-1,-1,-1,-1,-1,-1,-1,-1,-1,8,6,6,6,8,8,8,8,8,8,8,8,-1,-1,-1,-1,-1,-1,-1,-1,-1,-1,-1,-1,-1,-1,-1,-1,-1,-1,-1,-1,-1,-1,-1,-1,-1,-1
-1,-1,-1,-1,-1,-1,-1,-1,-1,-1,-1,-1,-1,-1,-1,-1,-1,-1,-1,-1,-1,-1,-1,-1,-1,-1,8,6,6,6,8,8,8,8,8,8,8,8,-1,-1,-1,-1,-1,-1,-1,-1,-1,-1,-1,-1,-1,-1,-1,-1,-1,-1,-1,-1,-1,-1,-1,-1,-1,-1
-1,-1,-1,-1,-1,-1,-1,-1,-1,-1,-1,-1,-1,-1,-1,-1,-1,-1,-1,-1,-1,-1,-1,-1,-1,-1,8,6,6,6,8,8,8,8,8,8,8,8,-1,-1,-1,-1,-1,-1,-1,-1,-1,-1,-1,-1,-1,-1,-1,-1,-1,-1,-1,-1,-1,-1,-1,-1,-1,-1
-1,-1,-1,-1,-1,-1,-1,-1,-1,-1,-1,-1,-1,-1,-1,-1,-1,-1,-1,-1,-1,-1,-1,-1,-1,-1,8,6,6,6,8,8,8,8,8,8,8,8,-1,-1,-1,-1,-1,-1,-1,-1,-1,-1,-1,-1,-1,-1,-1,-1,-1,-1,-1,-1,-1,-1,-1,-1,-1,-1
-1,-1,-1,-1,-1,-1,-1,-1,-1,-1,-1,-1,-1,-1,-1,-1,-1,-1,-1,-1,8,8,8,8,8,8,8,6,6,6,8,8,8,8,8,8,8,8,8,8,8,8,8,8,-1,-1,-1,-1,-1,-1,-1,-1,-1,-1,-1,-1,-1,-1,-1,-1,-1,-1,-1,-1
-1,-1,-1,-1,-1,-1,-1,-1,-1,-1,-1,-1,-1,-1,-1,-1,8,8,8,8,8,8,8,8,8,8,8,6,6,6,8,8,8,8,8,8,8,8,8,8,8,8,8,8,8,8,8,8,-1,-1,-1,-1,-1,-1,-1,-1,-1,-1,-1,-1,-1,-1,-1,-1
-1,-1,-1,-1,-1,-1,-1,-1,-1,-1,-1,-1,-1,-1,8,8,8,8,8,8,8,8,8,8,8,8,8,6,6,6,8,8,8,8,8,8,8,8,8,8,8,8,8,8,8,8,8,8,8,8,-1,-1,-1,-1,-1,-1,-1,-1,-1,-1,-1,-1,-1,-1
-1,-1,-1,-1,-1,-1,-1,-1,-1,-1,-1,8,8,8,8,8,8,8,8,8,9,9,9,9,9,9,8,6,6,8,8,8,8,8,8,8,8,8,9,9,9,9,9,9,8,8,8,8,8,8,8,8,8,-1,-1,-1,-1,-1,-1,-1,-1,-1,-1,-1
-1,-1,-1,-1,-1,-1,-1,-1,-1,8,8,8,8,8,8,8,9,9,9,9,10,10,10,10,10,10,8,6,6,8,8,8,8,8,8,8,8,8,10,10,10,10,10,10,9,9,9,9,8,8,8,8,8,8,8,-1,-1,-1,-1,-1,-1,-1,-1,-1
-1,-1,-1,-1,-1,-1,-1,-1,8,8,8,8,8,8,8,8,10,10,10,10,10,10,10,10,10,10,8,6,8,8,8,8,8,8,8,8,8,8,10,10,10,10,10,10,10,10,10,10,9,9,8,8,8,8,8,8,-1,-1,-1,-1,-1,-1,-1,-1
-1,-1,-1,-1,-1,-1,-1,8,8,8,8,8,8,8,10,10,10,10,10,10,10,10,11,11,11,11,8,8,8,8,8,8,8,8,8,8,8,8,11,11,11,11,10,10,10,10,10,10,10,10,9,9,9,8,8,8,8,-1,-1,-1,-1,-1,-1,-1
-1,-1,-1,-1,-1,-1,8,8,8,8,8,10,10,10,10,10,10,10,11,11,11,11,31,31,31,31,9,8,8,8,8,8,8,8,8,8,8,9,31,31,31,31,10,10,10,10,10,10,10,10,10,10,10,8,8,8,8,8,-1,-1,-1,-1,-1,-1
-1,-1,-1,-1,-1,8,8,8,8,10,10,10,10,10,10,10,10,10,31,31,31,31,31,31,31,31,31,8,8,8,8,8,8,8,8,8,8,31,31,31,31,31,31,31,31,31,10,10,10,10,10,10,10,10,10,8,8,8,8,-1,-1,-1,-1,-1
-1,-1,-1,-1,-1,8,8,8,10,10,10,10,10,11,11,31,31,31,31,31,31,31,31,31,31,31,31,8,8,7,7,8,8,8,8,8,8,31,31,31,31,31,31,31,31,31,31,31,31,10,10,10,10,10,10,10,8,8,8,-1,-1,-1,-1,-1
-1,-1,-1,-1,-1,8,8,10,10,10,10,10,31,36,36,31,31,31,31,31,31,31,31,31,31,31,31,8,5,42,42,3,3,5,5,5,8,31,31,31,31,31,31,31,31,31,31,31,31,31,31,31,10,10,10,10,10,8,8,-1,-1,-1,-1,-1
-1,-1,-1,-1,8,8,10,10,10,10,31,31,36,36,36,31,31,31,31,31,31,31,31,31,5,5,5,5,8,8,8,8,8,8,8,8,5,5,5,5,31,31,31,31,31,31,31,31,31,31,31,31,10,10,10,10,10,10,8,8,-1,-1,-1,-1
-1,-1,-1,-1,8,8,10,10,10,31,31,36,36,36,31,31,31,31,31,5,5,5,5,5,6,6,6,8,8,8,8,8,8,41,41,41,41,8,6,6,5,5,5,5,5,31,31,31,31,31,31,31,31,10,10,10,10,10,8,8,-1,-1,-1,-1
-1,-1,-1,8,8,10,10,36,36,36,31,36,36,31,31,31,5,5,5,6,6,6,6,8,8,8,8,41,41,41,41,41,41,36,36,36,36,41,8,6,6,6,6,6,6,5,5,5,31,31,31,31,31,10,10,10,10,10,10,8,8,-1,-1,-1
-1,-1,-1,8,8,10,32,36,36,32,31,32,32,15,15,15,6,6,6,6,23,6,8,23,23,23,23,38,38,38,38,38,36,35,35,37,36,41,23,8,8,8,6,6,6,6,6,6,14,14,14,31,31,10,10,10,10,10,10,8,8,-1,-1,-1
-1,-1,-1,8,10,31,36,35,36,31,31,15,15,6,6,6,6,6,6,8,7,8,23,36,38,38,38,39,36,36,40,36,36,36,39,38,35,36,36,23,8,8,8,8,6,6,6,6,6,6,6,14,21,10,10,10,10,10,10,9,8,-1,-1,-1
-1,-1,8,8,31,33,36,36,32,15,15,6,6,6,6,6,6,6,8,24,24,24,34,35,39,39,35,35,36,36,34,36,37,36,39,35,35,36,35,38,24,24,24,8,8,8,6,6,6,6,6,5,4,22,22,10,10,10,10,10,8,8,-1,-1
-1,-1,8,8,32,39,35,32,10,6,5,6,6,6,16,6,6,6,16,34,38,41,35,35,35,38,11,11,11,11,11,11,16,36,39,36,11,36,40,35,34,40,34,16,8,8,6,6,16,6,6,6,6,18,18,13,10,10,10,10,8,8,-1,-1
-1,-1,8,9,39,39,25,10,6,8,6,6,6,6,41,6,8,16,40,35,39,34,35,11,11,16,8,8,16,8,8,8,8,36,39,36,8,11,16,11,11,35,35,40,16,16,8,6,16,6,6,6,6,6,6,18,13,13,10,10,9,8,-1,-1
-1,8,8,32,39,28,6,6,8,6,6,6,6,6,24,8,7,40,38,38,35,31,31,8,8,8,8,8,24,8,8,8,8,36,39,36,8,8,8,8,8,31,38,39,40,37,7,8,6,6,6,6,6,6,6,6,19,19,12,10,10,8,8,-1
-1,8,8,39,28,5,8,8,6,6,6,6,6,6,8,7,40,39,41,41,31,9,8,8,8,8,8,8,8,8,8,9,9,36,39,36,8,8,8,8,8,8,23,35,35,36,37,7,8,6,7,6,6,6,6,6,8,8,20,10,10,8,8,-1
-1,8,8,39,5,8,8,8,6,6,6,6,6,8,7,40,39,39,37,23,8,23,8,8,9,9,9,9,9,9,9,36,39,39,39,38,11,9,9,8,8,8,8,31,36,36,36,37,7,8,23,6,6,6,6,6,6,8,8,2,10,8,8,-1
-1,8,39,39,5,8,8,6,6,6,6,6,8,8,41,39,39,39,36,8,8,8,8,9,11,11,11,11,9,36,36,39,39,39,39,41,39,39,36,9,8,8,8,8,41,41,36,36,41,8,6,6,6,6,6,6,6,8,8,42,10,10,8,-1
-1,8,39,5,8,8,8,6,6,6,6,6,8,8,41,36,41,36,8,8,8,9,11,11,11,11,11,41,36,41,39,39,41,41,39,39,39,41,36,9,9,8,8,8,41,41,36,36,41,8,8,6,6,6,6,6,6,8,8,8,3,10,8,-1
-1,8,39,5,8,8,8,6,6,6,6,8,8,8,8,41,36,36,8,9,11,11,11,9,9,30,11,11,11,36,41,39,41,41,39,39,39,36,9,9,9,9,9,8,8,36,36,41,8,8,8,6,6,6,6,6,6,8,8,8,8,3,8,8
8,8,5,8,8,8,8,6,6,6,6,8,8,8,8,8,41,36,9,11,11,11,11,11,9,9,30,11,11,11,36,41,41,39,39,39,41,36,9,11,11,9,9,9,8,8,36,41,8,8,8,6,6,6,6,6,6,8,8,8,8,3,8,8
8,8,5,8,8,8,8,6,6,6,6,8,8,8,8,8,7,32,10,11,11,11,27,11,11,9,9,30,11,11,9,9,36,40,40,40,36,30,11,11,11,11,23,9,9,8,37,7,8,8,8,6,6,6,6,6,6,8,8,8,8,6,4,8
8,5,8,8,8,8,8,8,6,6,6,6,8,8,8,8,8,8,30,11,11,11,30,11,11,11,9,9,30,11,11,9,9,9,36,36,30,11,11,11,11,11,30,9,9,9,7,8,8,8,6,6,6,6,6,6,6,8,8,8,8,8,3,8
8,3,8,8,8,8,8,8,6,6,6,6,6,8,8,24,24,8,9,30,11,11,30,30,11,11,9,9,9,30,11,9,9,9,11,32,11,11,11,11,11,11,11,9,9,9,8,8,8,8,6,6,6,6,6,6,8,8,8,8,8,8,5,8
8,3,8,8,8,8,8,8,8,6,6,6,6,6,8,16,16,8,8,9,29,29,30,30,30,30,30,9,9,11,30,11,9,9,9,11,30,11,11,11,29,11,11,9,9,8,8,8,8,6,6,6,6,6,6,6,8,8,8,8,8,8,5,8
8,5,6,8,8,8,8,8,8,6,6,6,6,6,8,8,8,8,8,8,25,25,28,28,28,30,30,11,9,9,11,11,11,9,9,9,11,11,11,11,27,11,9,9,8,8,8,8,7,6,6,6,6,6,6,8,8,8,8,8,8,6,6,8
-1,8,3,8,8,8,8,8,8,8,6,6,6,6,6,6,8,7,8,8,8,8,26,40,40,29,29,11,11,9,9,30,11,11,9,9,9,30,11,11,11,11,9,8,8,8,8,8,23,6,6,6,6,6,8,8,8,8,8,8,8,5,8,-1
-1,8,5,6,8,8,8,8,8,8,8,6,6,6,6,6,6,23,8,8,8,8,8,26,26,40,40,29,30,11,9,9,11,11,11,11,11,9,11,11,9,8,8,8,8,8,8,6,6,6,6,6,6,8,8,8,8,8,8,8,6,6,8,-1
-1,-1,8,3,8,8,8,8,8,8,8,8,8,6,6,6,6,6,6,8,8,8,8,8,8,40,40,40,30,30,11,9,11,11,11,11,11,11,11,11,9,8,8,8,8,6,6,6,6,6,6,8,8,8,8,8,8,8,8,8,5,8,-1,-1
-1,-1,8,3,8,8,8,8,8,8,8,8,8,8,6,6,6,6,6,6,6,6,6,8,8,8,8,40,40,40,30,30,30,30,11,11,11,11,9,9,8,8,8,6,6,6,6,6,6,6,8,8,8,8,8,8,8,8,8,8,5,8,-1,-1
-1,-1,-1,8,3,8,8,8,8,8,8,8,8,8,8,8,8,6,6,6,6,6,6,6,6,6,8,8,8,8,40,40,40,40,30,30,30,8,8,8,8,6,41,6,6,6,6,8,8,8,8,8,8,8,8,8,8,8,8,5,8,-1,-1,-1
-1,-1,-1,-1,8,3,8,8,8,8,8,8,8,8,8,8,8,8,8,8,6,6,6,6,6,6,6,6,6,6,6,6,6,6,6,6,6,6,6,6,6,6,6,6,8,8,8,8,8,8,8,8,8,8,8,8,8,8,5,8,-1,-1,-1,-1
-1,-1,-1,-1,8,8,20,20,8,8,8,8,8,8,8,8,8,8,8,8,8,8,8,8,6,6,6,6,6,6,6,6,6,6,6,6,6,6,6,6,8,8,8,8,8,8,8,8,8,8,8,8,8,8,8,8,5,5,8,8,-1,-1,-1,-1
-1,-1,-1,-1,-1,8,8,8,20,8,8,8,8,8,8,8,8,8,8,8,8,8,8,8,8,8,8,8,8,8,8,8,8,8,8,8,8,8,8,8,8,8,8,8,8,8,8,8,8,8,8,8,8,8,8,5,8,8,8,-1,-1,-1,-1,-1
-1,-1,-1,-1,-1,-1,8,8,7,19,19,8,8,8,8,8,8,8,8,8,8,8,8,8,8,8,8,8,8,8,8,8,8,8,8,8,8,8,8,8,8,8,8,8,8,8,8,8,8,8,8,8,8,6,6,8,8,8,-1,-1,-1,-1,-1,-1
-1,-1,-1,-1,-1,-1,-1,-1,8,17,17,17,5,8,8,8,8,8,8,8,8,8,8,8,8,8,8,8,8,8,8,8,8,8,8,8,8,8,8,8,8,8,8,8,8,8,8,8,8,8,8,6,6,6,6,8,-1,-1,-1,-1,-1,-1,-1,-1
-1,-1,-1,-1,-1,-1,-1,-1,-1,8,8,17,6,17,17,5,8,8,8,8,8,8,8,8,8,8,8,8,8,8,8,8,8,8,8,8,8,8,8,8,8,8,8,8,8,8,8,8,6,6,6,6,6,8,8,-1,-1,-1,-1,-1,-1,-1,-1,-1
-1,-1,-1,-1,-1,-1,-1,-1,-1,-1,-1,8,8,19,19,1,7,6,6,8,8,8,8,8,8,8,8,8,8,8,8,8,8,8,8,8,8,8,8,8,8,8,8,8,8,6,6,6,6,6,6,8,8,-1,-1,-1,-1,-1,-1,-1,-1,-1,-1,-1
-1,-1,-1,-1,-1,-1,-1,-1,-1,-1,-1,-1,-1,8,8,20,20,5,6,7,7,7,6,8,8,8,8,8,8,8,8,8,8,8,8,8,8,8,8,8,8,8,8,8,8,6,6,6,8,8,8,-1,-1,-1,-1,-1,-1,-1,-1,-1,-1,-1,-1,-1
-1,-1,-1,-1,-1,-1,-1,-1,-1,-1,-1,-1,-1,-1,-1,8,8,8,8,20,20,20,5,6,6,7,7,6,6,6,8,8,8,8,8,8,8,8,8,6,6,6,6,6,6,8,8,8,-1,-1,-1,-1,-1,-1,-1,-1,-1,-1,-1,-1,-1,-1,-1,-1
-1,-1,-1,-1,-1,-1,-1,-1,-1,-1,-1,-1,-1,-1,-1,-1,-1,-1,-1,8,8,8,8,8,8,42,42,3,3,3,5,5,5,5,5,5,5,5,5,8,8,8,8,8,8,-1,-1,-1,-1,-1,-1,-1,-1,-1,-1,-1,-1,-1,-1,-1,-1,-1,-1,-1
-1,-1,-1,-1,-1,-1,-1,-1,-1,-1,-1,-1,-1,-1,-1,-1,-1,-1,-1,-1,-1,-1,-1,-1,-1,8,8,8,8,8,8,8,8,8,8,8,8,8,8,-1,-1,-1,-1,-1,-1,-1,-1,-1,-1,-1,-1,-1,-1,-1,-1,-1,-1,-1,-1,-1,-1,-1,-1,-1
0.8784314,0.8784314,0.9137256
0.7901028,0.7990662,0.8565826
0.7296569,0.7429739,0.8143792
0.6383854,0.6575957,0.7660307
0.4944444,0.5207516,0.6096405
0.4084196,0.4381491,0.5924882
0.2634986,0.3023527,0.4540837
0.3942029,0.3810316,0.4247798
0.1672813,0.1762752,0.2623233
0.3507578,0.1860999,0.2614857
0.4770716,0.1196001,0.3107241
0.5539746,0.2723482,0.3147882
0.6366013,0.4091503,0.5084968
0.7196079,0.5568628,0.6078432
0.6470588,0.5362746,0.6411765
0.4830066,0.3683473,0.5098039
0.5928572,0.480112,0.4661064
0.5163866,0.5270309,0.5380953
0.6029413,0.6263072,0.6539216
0.6976035,0.7228758,0.6932463
0.7575164,0.7838781,0.7357298
0.897059,0.7950981,0.7470587
0.8026144,0.7045752,0.7071896
0.8015687,0.6262092,0.5551634
0.7262746,0.5762091,0.5209151
0.7174293,0.513072,0.3980392
0.7931373,0.5656863,0.4078431
0.8707516,0.6285948,0.5472223
0.8289543,0.5069935,0.3685621
0.7936275,0.4942811,0.4081699
0.7029411,0.389158,0.3694347
0.6819236,0.1817018,0.2682839
0.7776144,0.2669608,0.2666993
0.8941177,0.4183007,0.2261438
0.9477123,0.4880174,0.4043573
0.9586453,0.4183601,0.210814
0.9114127,0.2898568,0.2325121
0.9742297,0.628338,0.5214753
1,0.6059641,0.3342321
1,0.5372549,0.2039216
1,0.6860231,0.4626948
1,0.7647058,0.6352941
0.9686277,1,0.9058822