1
3cf17d47d9f79757617adf275d46ab44hhkhkg
False,0
False,0
True,15
41,50
-1,-1,-1,-1,-1,-1,-1,-1,-1,-1,-1,-1,-1,-1,-1,-1,12,12,12,12,-1,14,14,-1,-1,-1,-1,-1,-1,-1,-1,-1,-1,-1,-1,-1,-1,-1,-1,-1,-1
-1,-1,-1,-1,-1,-1,-1,15,15,14,14,-1,-1,12,12,12,12,12,-1,-1,-1,14,14,-1,-1,-1,-1,-1,-1,-1,-1,-1,-1,-1,-1,-1,-1,-1,-1,-1,-1
-1,-1,-1,-1,-1,-1,-1,15,15,14,14,11,11,14,12,10,10,10,10,12,14,12,12,12,-1,12,14,-1,14,-1,14,14,12,-1,-1,-1,-1,-1,-1,-1,-1
12,-1,-1,12,-1,-1,-1,11,10,12,12,12,12,12,10,11,11,10,10,10,10,12,12,14,-1,14,-1,-1,12,14,12,14,14,-1,-1,-1,-1,-1,14,-1,-1
12,-1,14,12,-1,10,10,10,10,10,10,10,10,10,10,11,11,11,10,10,10,12,11,12,11,14,11,11,12,12,14,12,12,11,11,14,-1,-1,14,-1,-1
14,11,10,10,12,10,11,11,10,11,10,10,11,10,12,12,12,12,12,12,14,12,12,10,10,10,12,12,12,10,10,10,10,11,10,11,11,11,10,11,15
14,11,12,12,12,12,10,10,10,10,10,10,10,10,10,10,10,12,12,12,12,12,12,12,12,12,10,10,9,9,9,9,9,10,11,10,11,12,12,11,-1
14,11,10,12,12,12,12,12,10,5,3,2,2,2,2,2,5,6,6,6,6,6,10,11,11,10,15,9,8,8,8,8,7,11,11,11,11,11,14,-1,-1
15,-1,11,12,14,14,14,11,11,5,16,16,16,16,16,5,3,16,16,16,16,3,9,11,11,10,10,7,13,13,13,13,8,7,-1,14,15,15,-1,-1,-1
15,12,12,-1,15,15,-1,15,15,5,3,16,16,2,5,2,16,16,16,16,2,3,15,12,12,11,9,7,13,13,13,13,8,7,-1,-1,15,15,-1,-1,-1
-1,12,12,-1,-1,-1,-1,15,15,5,3,16,2,3,5,3,3,16,2,3,5,5,-1,12,10,10,9,7,13,13,13,13,8,7,-1,-1,14,14,14,-1,-1
-1,-1,-1,-1,-1,-1,-1,-1,-1,5,3,16,2,1,-1,2,3,16,3,5,5,-1,12,12,14,7,7,8,8,8,8,8,8,7,7,15,15,14,14,-1,-1
-1,-1,-1,-1,-1,-1,-1,-1,-1,5,3,16,2,1,-1,1,3,16,3,5,-1,-1,14,14,-1,7,7,7,7,8,8,8,7,7,7,15,15,-1,-1,-1,-1
-1,-1,-1,-1,-1,-1,-1,-1,-1,5,3,2,2,1,-1,1,3,16,3,5,-1,-1,-1,14,-1,7,7,8,8,8,8,8,8,7,7,7,-1,14,14,-1,-1
-1,-1,-1,-1,-1,-1,-1,-1,-1,5,3,3,3,1,-1,1,3,2,3,5,-1,-1,-1,14,14,7,7,12,14,14,14,14,14,7,7,15,15,14,-1,-1,-1
-1,-1,-1,-1,-1,-1,-1,-1,-1,5,6,6,1,1,6,1,3,3,3,5,6,6,-1,14,14,-1,14,14,14,15,15,14,14,14,14,15,-1,-1,-1,-1,-1
-1,-1,-1,-1,-1,-1,-1,-1,-1,6,1,0,0,0,6,6,6,6,1,0,1,6,6,11,14,-1,14,14,14,15,15,14,14,14,14,15,15,-1,-1,-1,-1
-1,-1,-1,-1,-1,-1,6,5,5,5,6,0,0,0,0,1,6,0,0,0,0,0,1,6,-1,14,14,14,15,15,15,14,14,14,14,14,15,15,15,-1,-1
-1,-1,-1,-1,-1,6,6,5,16,16,5,6,1,0,0,0,1,0,1,0,0,0,0,6,-1,-1,-1,-1,-1,-1,14,14,-1,-1,-1,14,-1,-1,-1,-1,-1
-1,-1,-1,-1,-1,6,6,3,16,16,3,6,6,5,5,1,0,1,1,0,1,1,0,6,-1,15,15,15,-1,-1,14,14,-1,-1,-1,-1,-1,-1,-1,-1,-1
-1,-1,-1,-1,-1,6,6,2,16,16,5,6,5,5,5,5,1,6,5,1,0,6,6,6,-1,15,15,15,-1,14,14,15,15,-1,-1,-1,-1,-1,-1,-1,-1
-1,-1,-1,-1,5,5,5,2,16,2,3,5,5,5,5,5,5,5,5,5,6,5,6,6,-1,-1,15,15,-1,-1,-1,15,15,-1,-1,-1,-1,-1,-1,-1,-1
-1,-1,-1,-1,5,5,5,2,16,5,5,5,5,5,5,5,5,5,5,5,5,5,5,6,-1,-1,15,15,-1,-1,-1,-1,-1,-1,-1,-1,-1,-1,-1,-1,-1
-1,-1,-1,-1,-1,5,5,2,16,5,5,5,4,4,4,5,5,4,5,5,5,5,5,-1,-1,-1,-1,-1,-1,-1,-1,-1,-1,-1,-1,-1,-1,-1,-1,-1,-1
-1,-1,-1,-1,-1,-1,5,2,16,5,5,5,4,5,4,5,4,4,5,5,5,5,-1,-1,-1,-1,-1,-1,-1,-1,-1,-1,-1,-1,-1,-1,-1,-1,-1,-1,-1
-1,-1,-1,-1,-1,-1,5,2,16,5,5,5,4,4,4,4,4,4,5,5,5,-1,-1,-1,-1,-1,-1,-1,-1,-1,-1,-1,-1,-1,-1,-1,-1,-1,-1,-1,-1
-1,-1,-1,-1,-1,-1,5,3,2,5,5,4,4,4,4,5,4,4,5,5,5,-1,-1,-1,-1,-1,-1,-1,-1,-1,-1,-1,-1,-1,-1,-1,-1,-1,-1,-1,-1
-1,-1,-1,-1,-1,-1,5,5,3,5,5,5,5,5,5,5,5,5,5,3,5,-1,-1,-1,-1,-1,-1,-1,-1,-1,-1,-1,-1,-1,-1,-1,-1,-1,-1,-1,-1
-1,-1,-1,-1,-1,16,5,5,5,5,5,4,5,5,4,5,5,4,5,5,5,-1,-1,-1,-1,-1,-1,-1,-1,-1,-1,-1,-1,-1,-1,-1,-1,-1,-1,-1,-1
-1,-1,-1,-1,-1,5,5,5,4,5,5,4,4,4,4,4,4,4,5,5,5,-1,-1,-1,-1,-1,-1,-1,-1,-1,-1,-1,-1,-1,-1,-1,-1,-1,-1,-1,-1
-1,-1,-1,-1,-1,5,5,5,4,5,5,4,5,4,4,5,5,4,5,5,5,-1,-1,-1,-1,-1,-1,-1,-1,-1,-1,-1,-1,-1,-1,-1,-1,-1,-1,-1,-1
-1,-1,-1,-1,-1,-1,5,4,4,5,4,5,5,5,5,5,5,4,4,5,5,-1,-1,-1,-1,-1,-1,-1,-1,-1,-1,-1,-1,-1,-1,-1,-1,-1,-1,-1,-1
-1,-1,-1,-1,-1,-1,-1,4,4,4,5,5,5,5,5,4,5,5,5,5,-1,-1,-1,-1,-1,-1,-1,-1,-1,-1,-1,-1,-1,-1,-1,-1,-1,-1,-1,-1,-1
-1,-1,-1,-1,-1,3,-1,-1,4,4,5,5,5,3,3,5,5,5,5,-1,-1,-1,-1,-1,-1,-1,-1,-1,-1,-1,-1,-1,-1,-1,-1,-1,-1,-1,-1,-1,-1
-1,-1,-1,-1,4,4,4,4,4,4,4,3,3,3,3,3,3,3,5,-1,-1,-1,-1,-1,-1,-1,-1,-1,-1,-1,-1,-1,-1,-1,-1,-1,-1,-1,-1,-1,-1
-1,-1,-1,-1,4,4,4,4,4,4,3,16,16,16,16,16,16,16,5,-1,-1,-1,-1,-1,-1,-1,-1,-1,-1,-1,-1,-1,-1,-1,-1,-1,-1,-1,-1,-1,-1
-1,-1,4,4,4,4,4,4,4,4,4,16,16,16,16,16,16,16,5,4,4,-1,-1,-1,-1,-1,-1,-1,-1,-1,-1,-1,-1,-1,-1,-1,-1,-1,-1,-1,-1
-1,-1,4,4,4,4,4,4,4,4,2,16,5,16,16,16,3,2,4,4,4,4,-1,-1,-1,-1,-1,-1,-1,-1,-1,-1,-1,-1,-1,-1,-1,-1,-1,-1,-1
-1,-1,-1,4,4,4,4,4,4,4,3,2,6,16,16,16,5,3,5,4,4,4,-1,-1,-1,-1,-1,-1,-1,-1,-1,-1,-1,-1,-1,-1,-1,-1,-1,-1,-1
-1,-1,-1,4,4,17,4,4,4,4,4,3,3,16,16,16,3,2,5,4,4,4,4,-1,-1,-1,-1,-1,-1,-1,-1,-1,-1,-1,-1,-1,-1,-1,-1,-1,-1
-1,-1,-1,-1,4,18,18,17,4,17,4,3,2,2,16,16,16,2,5,4,4,4,4,-1,-1,-1,-1,-1,-1,-1,-1,-1,-1,-1,-1,-1,-1,-1,-1,-1,-1
-1,-1,-1,-1,4,4,18,18,18,18,4,4,4,4,2,16,3,4,4,4,4,17,-1,-1,-1,-1,-1,-1,-1,-1,-1,-1,-1,-1,-1,-1,-1,-1,-1,-1,-1
-1,-1,-1,4,4,4,17,18,18,3,17,4,4,4,4,3,4,4,4,18,17,17,-1,-1,-1,-1,-1,-1,-1,-1,-1,-1,-1,-1,-1,-1,-1,-1,-1,-1,-1
-1,-1,-1,17,17,17,18,16,18,18,18,4,17,18,4,4,17,4,4,18,4,4,4,-1,-1,-1,-1,-1,-1,-1,-1,-1,-1,-1,-1,-1,-1,-1,-1,-1,-1
-1,-1,-1,-1,-1,18,4,18,18,18,18,18,18,18,18,17,18,18,18,4,17,17,4,-1,-1,-1,-1,-1,-1,-1,-1,-1,-1,-1,-1,-1,-1,-1,-1,-1,-1
-1,-1,-1,-1,-1,4,17,18,17,18,18,18,18,18,18,18,18,18,18,18,17,-1,-1,-1,-1,-1,-1,-1,-1,-1,-1,-1,-1,-1,-1,-1,-1,-1,-1,-1,-1
-1,-1,-1,-1,4,4,4,17,17,4,4,18,18,18,18,18,18,18,18,17,18,-1,-1,-1,-1,-1,-1,-1,-1,-1,-1,-1,-1,-1,-1,-1,-1,-1,-1,-1,-1
-1,-1,-1,-1,-1,4,18,18,-1,17,4,18,17,18,18,18,18,17,17,-1,-1,-1,-1,-1,-1,-1,-1,-1,-1,-1,-1,-1,-1,-1,-1,-1,-1,-1,-1,-1,-1
-1,-1,-1,-1,-1,-1,-1,-1,17,4,17,17,17,4,17,17,17,17,-1,-1,-1,-1,-1,-1,-1,-1,-1,-1,-1,-1,-1,-1,-1,-1,-1,-1,-1,-1,-1,-1,-1
-1,-1,-1,-1,-1,-1,-1,-1,4,4,17,18,-1,-1,18,17,4,4,-1,-1,-1,-1,-1,-1,-1,-1,-1,-1,-1,-1,-1,-1,-1,-1,-1,-1,-1,-1,-1,-1,-1
0.8941177,0.9333333,0.9098039
0.7019608,0.7098039,0.6980392
0.8117647,0.6627451,0.6117647
0.6941177,0.5372549,0.4823529
0.5547511,0.1773756,0.1622927
0.4086583,0.1704781,0.1979071
0.3998133,0.4044818,0.3927171
0.05882353,0.2784314,0.05882353
0.2156863,0.4823529,0.1607843
0.1647059,0.5411765,0.4627451
0.2078431,0.682353,0.6235294
0.3254902,0.7607843,0.6705883
0.2784314,0.7176471,0.5372549
0.3333333,0.6784314,0.2117647
0.5294118,0.9019608,0.7450981
0.682353,0.9411765,0.8235294
0.9372549,0.7803922,0.7176471
0.7019608,0.2235294,0.1803922
0.9137255,0.4,0.3490196